{"producer":{"name":"Blender","version":"2.79 (sub 0)","exporter_version":"5.6.4","file":"monkey.babylon"},
"autoClear":true,"clearColor":[0.0509,0.0509,0.0509],"ambientColor":[0,0,0],"gravity":[0,-9.81,0],
"materials":[{"name":"monkey.Material.001","id":"monkey.Material.001","ambient":[1,1,1],"diffuse":[0.8,0.8,0.8],"specular":[0.5,0.5,0.5],"emissive":[0,0,0],"specularPower":50,"alpha":1,"backFaceCulling":true,"checkReadyOnlyOnce":false,"maxSimultaneousLights":4}],
"multiMaterials":[],
"skeletons":[{"name":"Armature","id":0,"dimensionsAtRest":[0,1.9862,0.5545],"bones":[
{"name":"Bone","index":0,"matrix":[1,0,0,0,0,1,0,0,0,0,-1,0,0,0,0,1],"rest":[1,0,0,0,0,1,0,0,0,0,-1,0,0,0,0,1],"parentBoneIndex":-1,"length":1
,"animation":{"dataType":3,"framePerSecond":24,"keys":[
{"frame":1,"values":[1,0,0,0,0,1,0,0,0,0,-1,0,0,0,0,1]},
{"frame":31,"values":[1,0,0,0,0,1,0,0,0,0,-1,0,0,0,0,1]},
{"frame":41,"values":[1,0,0,0,0,1,0,0,0,0,-1,0,0,0,0,1]},
{"frame":81,"values":[1,0,0,0,0,1,0,0,0,0,-1,0,0,0,0,1]}],"loopBehavior":1,"name":"anim","property":"_matrix"}},
{"name":"Bone.001","index":1,"matrix":[1,0,0,0,0,-0.8281,-0.5606,0,0,-0.5606,0.8281,0,0,-0.2074,-0.4613,1],"rest":[1,0,0,0,0,-0.9929,-0.1187,0,0,-0.1187,0.9929,0,0,-0.2074,-0.4613,1],"parentBoneIndex":-1,"length":0.7843
,"animation":{"dataType":3,"framePerSecond":24,"keys":[
{"frame":1,"values":[0.7653,-0.6437,0,0,-0.6392,-0.7598,-0.1187,0,-0.0764,-0.0909,0.9929,0,0,-0.2074,-0.4613,1]},
{"frame":2,"values":[0.7733,-0.634,0,0,-0.6295,-0.7679,-0.1187,0,-0.0753,-0.0918,0.9929,0,0,-0.2074,-0.4613,1]},
{"frame":3,"values":[0.7972,-0.6037,0,0,-0.5995,-0.7915,-0.1187,0,-0.0717,-0.0946,0.9929,0,0,-0.2074,-0.4613,1]},
{"frame":4,"values":[0.8348,-0.5505,0,0,-0.5466,-0.8289,-0.1187,0,-0.0654,-0.0991,0.9929,0,0,-0.2074,-0.4613,1]},
{"frame":5,"values":[0.8819,-0.4714,0,0,-0.4681,-0.8757,-0.1187,0,-0.056,-0.1047,0.9929,0,0,-0.2074,-0.4613,1]},
{"frame":6,"values":[0.931,-0.365,0,0,-0.3624,-0.9244,-0.1187,0,-0.0433,-0.1105,0.9929,0,0,-0.2074,-0.4613,1]},
{"frame":7,"values":[0.9726,-0.2327,0,0,-0.231,-0.9657,-0.1187,0,-0.0276,-0.1155,0.9929,0,0,-0.2074,-0.4613,1]},
{"frame":8,"values":[0.9967,-0.0814,0,0,-0.0808,-0.9896,-0.1187,0,-0.0097,-0.1183,0.9929,0,0,-0.2074,-0.4613,1]},
{"frame":9,"values":[0.997,0.0769,0,0,0.0764,-0.99,-0.1187,0,0.0091,-0.1184,0.9929,0,0,-0.2074,-0.4613,1]},
{"frame":10,"values":[0.9736,0.2283,0,0,0.2267,-0.9667,-0.1187,0,0.0271,-0.1156,0.9929,0,0,-0.2074,-0.4613,1]},
{"frame":11,"values":[0.9327,0.3608,0,0,0.3582,-0.9261,-0.1187,0,0.0428,-0.1107,0.9929,0,0,-0.2074,-0.4613,1]},
{"frame":12,"values":[0.884,0.4675,0,0,0.4642,-0.8778,-0.1187,0,0.0555,-0.1049,0.9929,0,0,-0.2074,-0.4613,1]},
{"frame":13,"values":[0.8373,0.5467,0,0,0.5429,-0.8314,-0.1187,0,0.0649,-0.0994,0.9929,0,0,-0.2074,-0.4613,1]},
{"frame":14,"values":[0.7999,0.6002,0,0,0.5959,-0.7942,-0.1187,0,0.0713,-0.095,0.9929,0,0,-0.2074,-0.4613,1]},
{"frame":15,"values":[0.7762,0.6305,0,0,0.6261,-0.7707,-0.1187,0,0.0749,-0.0921,0.9929,0,0,-0.2074,-0.4613,1]},
{"frame":16,"values":[0.7681,0.6403,0,0,0.6358,-0.7627,-0.1187,0,0.076,-0.0912,0.9929,0,0,-0.2074,-0.4613,1]},
{"frame":17,"values":[0.7762,0.6305,0,0,0.6261,-0.7707,-0.1187,0,0.0749,-0.0921,0.9929,0,0,-0.2074,-0.4613,1]},
{"frame":18,"values":[0.7999,0.6002,0,0,0.5959,-0.7942,-0.1187,0,0.0713,-0.095,0.9929,0,0,-0.2074,-0.4613,1]},
{"frame":19,"values":[0.8373,0.5467,0,0,0.5429,-0.8314,-0.1187,0,0.0649,-0.0994,0.9929,0,0,-0.2074,-0.4613,1]},
{"frame":20,"values":[0.884,0.4675,0,0,0.4642,-0.8778,-0.1187,0,0.0555,-0.1049,0.9929,0,0,-0.2074,-0.4613,1]},
{"frame":21,"values":[0.9327,0.3608,0,0,0.3582,-0.9261,-0.1187,0,0.0428,-0.1107,0.9929,0,0,-0.2074,-0.4613,1]},
{"frame":22,"values":[0.9736,0.2283,0,0,0.2267,-0.9667,-0.1187,0,0.0271,-0.1156,0.9929,0,0,-0.2074,-0.4613,1]},
{"frame":23,"values":[0.997,0.0769,0,0,0.0764,-0.99,-0.1187,0,0.0091,-0.1184,0.9929,0,0,-0.2074,-0.4613,1]},
{"frame":24,"values":[0.9967,-0.0814,0,0,-0.0808,-0.9896,-0.1187,0,-0.0097,-0.1183,0.9929,0,0,-0.2074,-0.4613,1]},
{"frame":25,"values":[0.9726,-0.2327,0,0,-0.231,-0.9657,-0.1187,0,-0.0276,-0.1155,0.9929,0,0,-0.2074,-0.4613,1]},
{"frame":26,"values":[0.931,-0.365,0,0,-0.3624,-0.9244,-0.1187,0,-0.0433,-0.1105,0.9929,0,0,-0.2074,-0.4613,1]},
{"frame":27,"values":[0.8819,-0.4714,0,0,-0.4681,-0.8757,-0.1187,0,-0.056,-0.1047,0.9929,0,0,-0.2074,-0.4613,1]},
{"frame":28,"values":[0.8348,-0.5505,0,0,-0.5466,-0.8289,-0.1187,0,-0.0654,-0.0991,0.9929,0,0,-0.2074,-0.4613,1]},
{"frame":29,"values":[0.7972,-0.6037,0,0,-0.5995,-0.7915,-0.1187,0,-0.0717,-0.0946,0.9929,0,0,-0.2074,-0.4613,1]},
{"frame":30,"values":[0.7733,-0.634,0,0,-0.6295,-0.7679,-0.1187,0,-0.0753,-0.0918,0.9929,0,0,-0.2074,-0.4613,1]},
{"frame":31,"values":[0.7653,-0.6437,0,0,-0.6392,-0.7598,-0.1187,0,-0.0764,-0.0909,0.9929,0,0,-0.2074,-0.4613,1]},
{"frame":41,"values":[1,0,0,0,0,-0.8281,-0.5606,0,0,-0.5606,0.8281,0,0,-0.2074,-0.4613,1]},
{"frame":42,"values":[0.9952,-0.0924,-0.0324,0,-0.0948,-0.8267,-0.5546,0,-0.0244,-0.5551,0.8315,0,0,-0.2074,-0.4613,1]},
{"frame":43,"values":[0.9809,-0.1852,-0.0597,0,-0.188,-0.8228,-0.5363,0,-0.0502,-0.5373,0.8419,0,0,-0.2074,-0.4613,1]},
{"frame":44,"values":[0.9581,-0.2754,-0.0792,0,-0.2767,-0.8171,-0.5057,0,-0.0746,-0.5064,0.8591,0,0,-0.2074,-0.4613,1]},
{"frame":45,"values":[0.9289,-0.3595,-0.0889,0,-0.358,-0.8104,-0.4637,0,-0.0946,-0.4626,0.8815,0,0,-0.2074,-0.4613,1]},
{"frame":46,"values":[0.8967,-0.4338,-0.0882,0,-0.4293,-0.8036,-0.4123,0,-0.108,-0.4075,0.9068,0,0,-0.2074,-0.4613,1]},
{"frame":47,"values":[0.8652,-0.4954,-0.078,0,-0.4885,-0.7973,-0.3544,0,-0.1134,-0.3447,0.9318,0,0,-0.2074,-0.4613,1]},
{"frame":48,"values":[0.8379,-0.5425,-0.061,0,-0.5345,-0.7926,-0.2935,0,-0.1109,-0.2785,0.954,0,0,-0.2074,-0.4613,1]},
{"frame":49,"values":[0.8173,-0.5747,-0.0404,0,-0.5671,-0.7901,-0.2325,0,-0.1017,-0.213,0.9717,0,0,-0.2074,-0.4613,1]},
{"frame":50,"values":[0.8048,-0.5932,-0.0193,0,-0.587,-0.7907,-0.1738,0,-0.0879,-0.1512,0.9846,0,0,-0.2074,-0.4613,1]},
{"frame":51,"values":[0.8005,-0.5993,0,0,-0.5951,-0.7949,-0.1187,0,-0.0711,-0.095,0.9929,0,0,-0.2074,-0.4613,1]},
{"frame":52,"values":[0.805,-0.593,0.0197,0,-0.5911,-0.8044,-0.0589,0,-0.0508,-0.0358,0.9981,0,0,-0.2074,-0.4613,1]},
{"frame":53,"values":[0.8195,-0.5715,0.0419,0,-0.5725,-0.8198,0.0143,0,-0.0262,0.0357,0.999,0,0,-0.2074,-0.4613,1]},
{"frame":54,"values":[0.8438,-0.5329,0.0634,0,-0.5366,-0.838,0.0992,0,-0.0003,0.1177,0.993,0,0,-0.2074,-0.4613,1]},
{"frame":55,"values":[0.8756,-0.4764,0.08,0,-0.4825,-0.8547,0.1914,0,0.0228,0.2062,0.9783,0,0,-0.2074,-0.4613,1]},
{"frame":56,"values":[0.9105,-0.4042,0.0875,0,-0.4118,-0.866,0.2837,0,0.0389,0.2943,0.9549,0,0,-0.2074,-0.4613,1]},
{"frame":57,"values":[0.9432,-0.3214,0.0839,0,-0.3291,-0.8699,0.3674,0,0.0451,0.3741,0.9263,0,0,-0.2074,-0.4613,1]},
{"frame":58,"values":[0.9696,-0.2345,0.0699,0,-0.2412,-0.8673,0.4354,0,0.0415,0.439,0.8975,0,0,-0.2074,-0.4613,1]},
{"frame":59,"values":[0.9875,-0.1497,0.0486,0,-0.1545,-0.8615,0.4837,0,0.0305,0.4852,0.8739,0,0,-0.2074,-0.4613,1]},
{"frame":60,"values":[0.9972,-0.071,0.0242,0,-0.0733,-0.8559,0.5118,0,0.0156,0.5122,0.8587,0,0,-0.2074,-0.4613,1]},
{"frame":61,"values":[1,0,0,0,0,-0.8535,0.5212,0,0,0.5212,0.8535,0,0,-0.2074,-0.4613,1]},
{"frame":62,"values":[0.9969,0.0743,-0.0254,0,0.0768,-0.8549,0.513,0,-0.0164,0.5134,0.858,0,0,-0.2074,-0.4613,1]},
{"frame":63,"values":[0.9852,0.1631,-0.0533,0,0.1683,-0.8577,0.4858,0,-0.0335,0.4875,0.8725,0,0,-0.2074,-0.4613,1]},
{"frame":64,"values":[0.9612,0.2642,-0.0794,0,0.2717,-0.8573,0.4373,0,-0.0475,0.4419,0.8958,0,0,-0.2074,-0.4613,1]},
{"frame":65,"values":[0.9233,0.3714,-0.0982,0,0.3805,-0.8484,0.368,0,-0.0534,0.3771,0.9246,0,0,-0.2074,-0.4613,1]},
{"frame":66,"values":[0.8733,0.4757,-0.1047,0,0.4848,-0.8279,0.2822,0,-0.0475,0.2972,0.9536,0,0,-0.2074,-0.4613,1]},
{"frame":67,"values":[0.818,0.5669,-0.0972,0,0.5745,-0.7966,0.188,0,-0.0292,0.2096,0.9774,0,0,-0.2074,-0.4613,1]},
{"frame":68,"values":[0.7662,0.6379,-0.0778,0,0.6426,-0.7602,0.0951,0,-0.0015,0.1228,0.9924,0,0,-0.2074,-0.4613,1]},
{"frame":69,"values":[0.7256,0.6862,-0.0517,0,0.6875,-0.7261,0.0109,0,0.0301,0.0434,0.9986,0,0,-0.2074,-0.4613,1]},
{"frame":70,"values":[0.7007,0.713,-0.0244,0,0.7109,-0.7007,-0.0607,0,0.0604,-0.0251,0.9979,0,0,-0.2074,-0.4613,1]},
{"frame":71,"values":[0.6926,0.7214,0,0,0.7163,-0.6877,-0.1187,0,0.0856,-0.0822,0.9929,0,0,-0.2074,-0.4613,1]},
{"frame":72,"values":[0.6992,0.7146,0.0239,0,0.707,-0.686,-0.1721,0,0.1066,-0.1372,0.9848,0,0,-0.2074,-0.4613,1]},
{"frame":73,"values":[0.7193,0.6929,0.0498,0,0.6835,-0.6931,-0.2291,0,0.1242,-0.1988,0.9721,0,0,-0.2074,-0.4613,1]},
{"frame":74,"values":[0.7523,0.6546,0.0749,0,0.6447,-0.7079,-0.2887,0,0.1359,-0.2654,0.9545,0,0,-0.2074,-0.4613,1]},
{"frame":75,"values":[0.7957,0.5982,0.0953,0,0.5895,-0.7285,-0.3489,0,0.1393,-0.3338,0.9323,0,0,-0.2074,-0.4613,1]},
{"frame":76,"values":[0.845,0.5239,0.1072,0,0.5181,-0.7523,-0.407,0,0.1326,-0.3995,0.9071,0,0,-0.2074,-0.4613,1]},
{"frame":77,"values":[0.8946,0.4337,0.1076,0,0.4315,-0.7763,-0.4594,0,0.1157,-0.4574,0.8817,0,0,-0.2074,-0.4613,1]},
{"frame":78,"values":[0.9387,0.3313,0.0953,0,0.3326,-0.7978,-0.5029,0,0.0906,-0.5038,0.8591,0,0,-0.2074,-0.4613,1]},
{"frame":79,"values":[0.9725,0.2217,0.0713,0,0.2249,-0.8144,-0.535,0,0.0605,-0.5363,0.8419,0,0,-0.2074,-0.4613,1]},
{"frame":80,"values":[0.9932,0.1098,0.0385,0,0.1127,-0.8247,-0.5543,0,0.0292,-0.5549,0.8314,0,0,-0.2074,-0.4613,1]},
{"frame":81,"values":[1,0,0,0,0,-0.8281,-0.5606,0,0,-0.5606,0.8281,0,0,-0.2074,-0.4613,1]}],"loopBehavior":1,"name":"anim","property":"_matrix"}}]
,"ranges":[{"name":"Dangle","from":0,"to":31},{"name":"Dangle3D","from":40,"to":81}]}],
"meshes":[{"name":"Suzanne","id":"Suzanne","materialId":"monkey.Material.001","billboardMode":0,"position":[0,0,0],"rotation":[0,0,0],"scaling":[1,1,1],"isVisible":true,"freezeWorldMatrix":false,"isEnabled":true,"checkCollisions":false,"receiveShadows":false,"pickable":true,"tags":"","skeletonId":0,"numBoneInfluencers":2
,"positions":[0.4922,0.1856,-0.7207,0.4727,0.243,-0.7512,0.4639,0.1982,-0.7534,0.46,0.1373,-0.7279,0.4873,0.1084,-0.6852,0.5283,0.1699,-0.6762,0.5039,0.2427,-0.7178,-0.4922,0.1855,-0.7207,-0.4873,0.1082,-0.6855,-0.46,0.1372,-0.728,-0.4639,0.1982,-0.7534,-0.4727,0.243,-0.7512,-0.5039,0.2427,-0.7178,-0.5283,0.1699,-0.6763,0.5586,0.1582,-0.625,0.5435,0.2424,-0.6726,0.5107,0.0868,-0.6345
,0.5322,0.069,-0.5798,0.5859,0.1484,-0.5703,0.5762,0.2427,-0.6211,-0.5586,0.1582,-0.625,-0.5322,0.0684,-0.581,-0.5107,0.0865,-0.6352,-0.5435,0.2424,-0.6726,-0.5762,0.2427,-0.6211,-0.5859,0.1484,-0.5703,0.4375,0.0406,-0.6474,0.4248,0.0681,-0.6974,0.3516,0.0238,-0.6626,0.3516,-0.0001,-0.6087,0.4492,0.0181,-0.5926,-0.4375,0.0392,-0.6502,-0.3516,-0.0037,-0.6158,-0.3516,0.0216,-0.6667
,-0.4248,0.0675,-0.6986,-0.4492,0.0157,-0.5974,0.4102,0.1058,-0.7378,0.4388,0.1608,-0.759,0.3989,0.1363,-0.767,0.3521,0.0942,-0.7489,0.3517,0.0534,-0.7111,-0.4102,0.1055,-0.7382,-0.3517,0.0524,-0.7128,-0.3521,0.0938,-0.7494,-0.3989,0.1362,-0.7671,-0.4388,0.1608,-0.759,0.2949,0.1058,-0.7593,0.3524,0.1273,-0.7759,0.3076,0.1363,-0.7845,0.2466,0.1373,-0.767,0.2167,0.1083,-0.7342
,0.2788,0.0681,-0.7243,-0.2949,0.1055,-0.7597,-0.2167,0.1082,-0.7345,-0.2466,0.1372,-0.7671,-0.3076,0.1362,-0.7847,-0.3524,0.1272,-0.7761,-0.2788,0.0675,-0.7254,0.2656,0.0406,-0.6787,0.1924,0.0868,-0.6916,0.1709,0.069,-0.6442,0.2539,0.0182,-0.6278,-0.2656,0.0392,-0.6814,-0.1709,0.0684,-0.6454,-0.1924,0.0865,-0.6923,-0.2539,0.0158,-0.6326,0.1445,0.1582,-0.6972,0.1758,0.1699,-0.7378
,0.1606,0.2424,-0.738,0.127,0.2427,-0.6982,0.1172,0.1484,-0.6523,-0.1172,0.1484,-0.6523,-0.127,0.2427,-0.6982,-0.1445,0.1582,-0.6973,-0.1606,0.2424,-0.738,-0.1758,0.1699,-0.7378,0.2148,0.1856,-0.7695,0.2701,0.1608,-0.7909,0.2456,0.1982,-0.793,0.2031,0.2427,-0.7695,-0.2031,0.2427,-0.7695,-0.2148,0.1855,-0.7695,-0.2456,0.1982,-0.793,-0.2701,0.1608,-0.7909,0.2148,0.3008,-0.7695
,0.2366,0.243,-0.793,0.2456,0.2896,-0.793,0.2701,0.3296,-0.7909,0.2466,0.3506,-0.7671,0.1758,0.3154,-0.7378,-0.1758,0.3154,-0.7378,-0.2466,0.3506,-0.7671,-0.2148,0.3008,-0.7695,-0.2701,0.3296,-0.7909,-0.2456,0.2896,-0.793,-0.2366,0.243,-0.793,0.1445,0.3281,-0.6973,0.2167,0.3779,-0.7345,0.1924,0.4014,-0.6924,0.1172,0.3398,-0.6523,0.0977,0.2432,-0.6543,-0.1172,0.3398,-0.6523
,-0.1924,0.4014,-0.6924,-0.1445,0.3281,-0.6973,-0.2167,0.3779,-0.7345,-0.0977,0.2432,-0.6543,0.2788,0.4189,-0.7256,0.2656,0.4492,-0.6816,0.3517,0.4341,-0.713,0.3516,0.4668,-0.667,0.2539,0.4766,-0.6328,0.1709,0.4229,-0.6455,-0.2539,0.4766,-0.6328,-0.3516,0.4668,-0.667,-0.2656,0.4492,-0.6816,-0.3517,0.4341,-0.713,-0.2788,0.4189,-0.7256,-0.1709,0.4229,-0.6455,0.3076,0.355,-0.7847
,0.2949,0.3828,-0.7598,0.3524,0.364,-0.7761,0.3521,0.3945,-0.7495,-0.3521,0.3945,-0.7495,-0.2949,0.3828,-0.7598,-0.3524,0.364,-0.7761,-0.3076,0.355,-0.7847,0.3989,0.355,-0.7671,0.4102,0.3828,-0.7383,0.4388,0.3296,-0.759,0.46,0.3506,-0.728,0.4248,0.4189,-0.6987,-0.4248,0.4189,-0.6987,-0.46,0.3506,-0.728,-0.4102,0.3828,-0.7383,-0.4388,0.3296,-0.759,-0.3989,0.355,-0.7671
,0.4375,0.4492,-0.6504,0.4873,0.3779,-0.6855,0.5107,0.4014,-0.6353,0.4492,0.4766,-0.5977,0.3516,0.4961,-0.6162,-0.4492,0.4766,-0.5977,-0.5107,0.4014,-0.6353,-0.4375,0.4492,-0.6504,-0.4873,0.3779,-0.6855,-0.3516,0.4961,-0.6162,0.5283,0.3154,-0.6763,0.5586,0.3281,-0.625,0.5859,0.3398,-0.5703,0.5322,0.4229,-0.5811,-0.5859,0.3398,-0.5703,-0.5586,0.3281,-0.625,-0.5283,0.3154,-0.6763
,-0.5322,0.4229,-0.5811,0.4639,0.2896,-0.7534,0.4922,0.3008,-0.7207,-0.4922,0.3008,-0.7207,-0.4639,0.2896,-0.7534,0.4648,0.2432,-0.7676,0.457,0.2871,-0.7695,0.4341,0.3252,-0.7749,0.4508,0.2847,-0.7796,0.4554,0.2431,-0.779,-0.4508,0.2847,-0.7796,-0.4341,0.3252,-0.7749,-0.457,0.2871,-0.7695,-0.4648,0.2432,-0.7676,-0.4554,0.2431,-0.779,0.3965,0.3496,-0.7832,0.3525,0.3584,-0.7925
,0.394,0.3446,-0.7935,0.4275,0.3189,-0.7858,-0.394,0.3446,-0.7935,-0.3525,0.3584,-0.7925,-0.3965,0.3496,-0.7832,-0.4275,0.3189,-0.7858,0.3105,0.3496,-0.8008,0.2754,0.3252,-0.8066,0.3127,0.3446,-0.8109,0.3525,0.3505,-0.8034,-0.3127,0.3446,-0.8109,-0.2754,0.3252,-0.8066,-0.3105,0.3496,-0.8008,-0.3525,0.3505,-0.8034,0.252,0.2871,-0.8086,0.2432,0.2432,-0.8086,0.2563,0.2847,-0.818
,0.2809,0.3189,-0.8164,-0.2563,0.2847,-0.818,-0.2432,0.2432,-0.8086,-0.252,0.2871,-0.8086,-0.2809,0.3189,-0.8164,0.252,0.2012,-0.8086,0.2754,0.166,-0.8066,0.2809,0.1716,-0.8164,0.2563,0.2033,-0.818,-0.252,0.2012,-0.8086,-0.2809,0.1715,-0.8164,-0.2754,0.166,-0.8066,-0.2563,0.2033,-0.818,0.3105,0.1426,-0.8007,0.3525,0.1338,-0.7924,0.3525,0.1409,-0.8034,0.3127,0.147,-0.8108
,-0.3105,0.1426,-0.8008,-0.3525,0.1409,-0.8034,-0.3525,0.1338,-0.7925,-0.3127,0.147,-0.8109,0.3965,0.1426,-0.7832,0.4341,0.166,-0.7749,0.4275,0.1716,-0.7858,0.394,0.147,-0.7934,-0.3965,0.1426,-0.7832,-0.4275,0.1715,-0.7858,-0.4341,0.166,-0.7749,-0.394,0.147,-0.7935,0.457,0.2012,-0.7695,0.4508,0.2033,-0.7796,-0.457,0.2012,-0.7695,-0.4508,0.2033,-0.7796,0.4193,0.2428,-0.7975
,0.401,0.196,-0.8021,0.4245,0.2135,-0.7943,-0.4245,0.2135,-0.7943,-0.401,0.196,-0.8021,-0.4193,0.2428,-0.7975,0.3828,0.1719,-0.8046,0.3522,0.1758,-0.8138,-0.3522,0.1758,-0.8138,-0.3828,0.1719,-0.8047,0.3053,0.196,-0.8223,0.3229,0.1719,-0.8177,-0.3229,0.1719,-0.8177,-0.3053,0.196,-0.8223,0.2852,0.2428,-0.8236,0.2812,0.2135,-0.8229,0.2502,0.2431,-0.8182,-0.2812,0.2135,-0.8229
,-0.2502,0.2431,-0.8182,-0.2852,0.2428,-0.8236,0.3053,0.2923,-0.8223,0.2812,0.2734,-0.8229,-0.2812,0.2734,-0.8229,-0.3053,0.2923,-0.8223,0.3522,0.3132,-0.8138,0.3229,0.3177,-0.8177,-0.3229,0.3177,-0.8177,-0.3522,0.3132,-0.8138,0.401,0.2923,-0.8021,0.3828,0.3177,-0.8047,-0.3828,0.3177,-0.8047,-0.401,0.2923,-0.8021,0.4245,0.2734,-0.7943,-0.4245,0.2734,-0.7943,0.0879,-0.8395,-0.8989
,0.1641,-0.8056,-0.9188,0.0859,-0.8094,-0.9296,0.1439,-0.7698,-0.943,0.0767,-0.7755,-0.9495,0,-0.8111,-0.9348,0,-0.8409,-0.9057,-0.0767,-0.7755,-0.9495,-0.0859,-0.8094,-0.9296,-0.1439,-0.7698,-0.943,-0.1641,-0.8056,-0.9188,-0.0879,-0.8395,-0.8989,0.2461,-0.8326,-0.8674,0.272,-0.7877,-0.897,0.2266,-0.8009,-0.9076,0.2251,-0.7438,-0.9307,0.1924,-0.7621,-0.9371,0.1714,-0.8363,-0.8843
,-0.1924,-0.7621,-0.9371,-0.2266,-0.8009,-0.9076,-0.2251,-0.7438,-0.9307,-0.272,-0.7877,-0.897,-0.2461,-0.8326,-0.8674,-0.1714,-0.8363,-0.8843,0.2988,-0.7584,-0.8879,0.3389,-0.7421,-0.8171,0.3101,-0.7111,-0.8762,0.2451,-0.7064,-0.9226,0.3024,-0.8206,-0.8503,0.3306,-0.7922,-0.835,-0.2988,-0.7584,-0.8879,-0.2451,-0.7064,-0.9226,-0.3101,-0.7111,-0.8762,-0.3389,-0.7421,-0.8171,-0.3306,-0.7922,-0.835
,-0.3024,-0.8206,-0.8503,0.3354,-0.6648,-0.7921,0.2979,-0.5575,-0.8277,0.3086,-0.6443,-0.8576,0.2524,-0.6025,-0.8971,0.2538,-0.6569,-0.9118,-0.3086,-0.6443,-0.8576,-0.2538,-0.6569,-0.9118,-0.2524,-0.6025,-0.8971,-0.2979,-0.5575,-0.8277,-0.3354,-0.6648,-0.7922,0.3081,-0.4641,-0.7094,0.2612,-0.3495,-0.7328,0.2812,-0.4505,-0.7818,0.2266,-0.4276,-0.8305,0.2428,-0.5304,-0.8721,0.324,-0.5691,-0.7572
,-0.2812,-0.4505,-0.7818,-0.2428,-0.5304,-0.8721,-0.2266,-0.4276,-0.8305,-0.2612,-0.3496,-0.7327,-0.3081,-0.4641,-0.7093,-0.324,-0.5691,-0.7572,0.291,-0.1017,-0.6347,0.2269,-0.1571,-0.5695,0.313,-0.1383,-0.5577,0.4121,-0.0827,-0.6069,0.3938,-0.038,-0.664,0.2725,-0.0491,-0.7033,0.2002,-0.1175,-0.6554,-0.291,-0.1053,-0.6369,-0.3938,-0.0397,-0.6654,-0.4121,-0.0839,-0.608,-0.313,-0.1399,-0.5587
,-0.2269,-0.1597,-0.5708,-0.2002,-0.1231,-0.6583,-0.2725,-0.0538,-0.7063,0.5215,-0.0427,-0.5914,0.427,-0.1141,-0.5442,0.5298,-0.0726,-0.5374,0.6254,-0.0125,-0.5252,0.6182,0.0162,-0.577,0.5935,0.051,-0.6207,0.502,-0.003,-0.6386,-0.5215,-0.043,-0.5918,-0.5935,0.0509,-0.6208,-0.6182,0.0161,-0.5771,-0.6254,-0.0126,-0.5252,-0.5298,-0.0728,-0.5376,-0.427,-0.1147,-0.5446,-0.502,-0.0034,-0.6391
,0.7012,0.0918,-0.5527,0.7178,0.0674,-0.4951,0.7612,0.1831,-0.5435,0.7134,0.1978,-0.5994,0.665,0.1192,-0.604,-0.7012,0.0918,-0.5527,-0.7134,0.1978,-0.5994,-0.7612,0.1831,-0.5435,-0.7178,0.0674,-0.4951,-0.665,0.1191,-0.604,0.8228,0.2886,-0.5205,0.7891,0.2891,-0.5742,0.8168,0.3936,-0.5734,0.7852,0.3799,-0.6187,0.7354,0.2832,-0.6177,-0.7354,0.2832,-0.6177,-0.7852,0.3799,-0.6187
,-0.7891,0.2891,-0.5742,-0.8168,0.3936,-0.5734,-0.8228,0.2886,-0.5205,0.7705,0.4458,-0.603,0.75,0.4258,-0.6504,0.6932,0.4799,-0.6245,0.6826,0.459,-0.6777,0.7119,0.395,-0.6768,0.7339,0.3556,-0.6473,-0.7119,0.395,-0.6768,-0.6826,0.459,-0.6777,-0.75,0.4258,-0.6504,-0.6932,0.4799,-0.6245,-0.7705,0.4458,-0.603,-0.7339,0.3556,-0.6473,0.5942,0.5303,-0.6528,0.582,0.5117,-0.709
,0.4915,0.5924,-0.6823,0.4756,0.5742,-0.7393,0.5615,0.479,-0.7397,0.6582,0.4275,-0.7072,-0.5615,0.479,-0.7397,-0.4756,0.5742,-0.7393,-0.582,0.5117,-0.709,-0.4915,0.5924,-0.6823,-0.5942,0.5303,-0.6528,-0.6582,0.4275,-0.7072,0.4028,0.6616,-0.707,0.3906,0.6367,-0.7637,0.3224,0.7118,-0.7267,0.3179,0.6797,-0.7822,0.3174,0.62,-0.8088,0.3794,0.5874,-0.7925,-0.3906,0.6367,-0.7637
,-0.3174,0.62,-0.8088,-0.3179,0.6797,-0.7822,-0.3224,0.7118,-0.7267,-0.4028,0.6616,-0.707,-0.3794,0.5874,-0.7925,0.2441,0.7168,-0.7407,0.248,0.6836,-0.7949,0.1746,0.6763,-0.7482,0.1846,0.646,-0.8013,0.2593,0.623,-0.8198,-0.2593,0.623,-0.8198,-0.1846,0.646,-0.8013,-0.248,0.6836,-0.7949,-0.1746,0.6763,-0.7482,-0.2441,0.7168,-0.7407,0.1201,0.5898,-0.748,0.1309,0.5645,-0.8008
,0.0758,0.4999,-0.7439,0.084,0.478,-0.7959,0.1538,0.5234,-0.8257,0.2048,0.5923,-0.8254,-0.1538,0.5234,-0.8257,-0.084,0.478,-0.7959,-0.1309,0.5645,-0.8008,-0.0758,0.4999,-0.7439,-0.1201,0.5898,-0.748,-0.2048,0.5923,-0.8254,0.0366,0.4487,-0.7393,0.041,0.4258,-0.7891,0,0.4329,-0.7368,0,0.4082,-0.7852,0.0601,0.3955,-0.8135,0.1057,0.4475,-0.8214,-0.0601,0.3955,-0.8135
,-0.041,0.4258,-0.7891,-0.0366,0.4487,-0.7393,-0.1057,0.4475,-0.8214,0.1357,0.4253,-0.8062,0.2046,0.4463,-0.7773,0.1797,0.4824,-0.8066,0.2465,0.4739,-0.771,0.2266,0.5298,-0.8032,-0.2266,0.5298,-0.8032,-0.1797,0.4824,-0.8066,-0.2465,0.4739,-0.771,-0.2046,0.4463,-0.7773,-0.1357,0.4253,-0.8062,0.2871,0.4863,-0.7637,0.2734,0.5508,-0.7969,0.3228,0.5483,-0.7871,-0.2734,0.5508,-0.7969
,-0.3228,0.5483,-0.7871,-0.2871,0.4863,-0.7637,0.3784,0.4688,-0.7456,0.4458,0.4883,-0.7539,0.377,0.5254,-0.7734,0.4569,0.5366,-0.7698,0.33,0.4844,-0.7552,-0.377,0.5254,-0.7734,-0.4569,0.5366,-0.7698,-0.4458,0.4883,-0.7539,-0.3784,0.4688,-0.7456,-0.33,0.4844,-0.7552,0.5391,0.4434,-0.7266,0.5901,0.3767,-0.6805,0.624,0.3994,-0.6978,0.4391,0.4432,-0.7305,0.5186,0.4116,-0.7056
,-0.5391,0.4434,-0.7266,-0.624,0.3994,-0.6978,-0.5901,0.3767,-0.6805,-0.5186,0.4116,-0.7056,-0.4391,0.4432,-0.7305,0.627,0.3413,-0.665,0.6836,0.3257,-0.6543,0.668,0.3652,-0.6738,-0.668,0.3652,-0.6738,-0.6836,0.3257,-0.6543,-0.627,0.3413,-0.665,0.6392,0.248,-0.6504,0.6626,0.1958,-0.6313,0.6836,0.2656,-0.6387,0.6398,0.3002,-0.656,-0.6836,0.2656,-0.6387,-0.6626,0.1958,-0.6313
,-0.6392,0.248,-0.6504,-0.6398,0.3002,-0.656,0.5688,0.1284,-0.6592,0.5488,0.0665,-0.6502,0.6152,0.127,-0.6367,0.6179,0.1893,-0.6506,-0.6152,0.127,-0.6367,-0.5488,0.0664,-0.6504,-0.5688,0.1284,-0.6592,-0.6179,0.1893,-0.6506,0.4419,0.0404,-0.6874,0.3799,-0.0011,-0.6911,0.4707,0.022,-0.6673,0.5056,0.0754,-0.6726,-0.4707,0.0216,-0.6679,-0.3799,-0.0024,-0.6923,-0.4419,0.0402,-0.6878
,-0.5056,0.0753,-0.6727,0.2754,0.0031,-0.7245,0.2128,0.0763,-0.7458,0.1816,0.0256,-0.7501,0.3712,0.0288,-0.7052,0.2871,0.046,-0.7276,-0.2754,0,-0.7266,-0.1816,0.0213,-0.7527,-0.2128,0.0752,-0.7465,-0.2871,0.045,-0.7284,-0.3712,0.0282,-0.7059,0.1714,0.1042,-0.7511,0.123,0.0573,-0.7505,0.0903,0.0993,-0.7442,0.0762,0.0027,-0.7483,-0.0762,-0.0021,-0.751,-0.0903,0.0986,-0.7446
,-0.123,0.0546,-0.7521,-0.1714,0.1035,-0.7515,0.1392,0.3604,-0.7788,0.0977,0.375,-0.8008,0.0718,0.3252,-0.791,0.1226,0.3101,-0.7739,-0.0718,0.3252,-0.791,-0.0977,0.375,-0.8008,-0.1392,0.3604,-0.7788,-0.1226,0.3101,-0.7739,0.0645,0.2695,-0.7773,0,0.2754,-0.7852,0,0.2095,-0.7651,0.0679,0.2109,-0.7627,0.1187,0.2607,-0.7681,-0.0645,0.2695,-0.7773,-0.1187,0.2607,-0.7681
,-0.0679,0.2109,-0.7627,0,0.1407,-0.748,0.0742,0.1524,-0.75,0.1495,0.1343,-0.7517,0.1338,0.1714,-0.7558,-0.1338,0.1714,-0.7558,-0.0742,0.1524,-0.75,-0.1495,0.1342,-0.7518,0.0566,-0.7408,-0.9645,0.071,-0.7036,-0.972,0.0366,-0.713,-0.9727,0,-0.7434,-0.9659,0,-0.7779,-0.9529,0.1069,-0.733,-0.9616,-0.0566,-0.7408,-0.9645,-0.0366,-0.713,-0.9727,-0.071,-0.7036,-0.972
,-0.1069,-0.733,-0.9616,0.1445,-0.7199,-0.9582,0.1217,-0.6552,-0.9634,0.1011,-0.6855,-0.9695,0.1694,-0.6949,-0.9524,-0.1445,-0.7199,-0.9582,-0.1011,-0.6855,-0.9695,-0.1217,-0.6552,-0.9634,-0.1694,-0.6949,-0.9524,0.1855,-0.6023,-0.9305,0.1279,-0.6091,-0.9515,0.1816,-0.6511,-0.9424,-0.1816,-0.6511,-0.9424,-0.1279,-0.6091,-0.9515,-0.1855,-0.6023,-0.9305,0.1641,-0.4111,-0.8582,0.2083,-0.325,-0.7848
,0.1479,-0.3093,-0.8129,0.1021,-0.4006,-0.871,0.1144,-0.4901,-0.9097,0.1792,-0.5067,-0.8976,-0.1641,-0.4111,-0.8582,-0.1144,-0.4901,-0.9097,-0.1021,-0.4006,-0.871,-0.1479,-0.3092,-0.813,-0.2083,-0.3248,-0.7848,-0.1792,-0.5067,-0.8976,0.1855,-0.5623,-0.9186,0.1125,-0.5568,-0.9398,0.1172,-0.5349,-0.9292,-0.1855,-0.5623,-0.9186,-0.1125,-0.5568,-0.9398,-0.1172,-0.5349,-0.9292,0.0859,-0.227,-0.7854
,0.043,-0.1832,-0.7696,0.041,-0.2293,-0.792,0,-0.1896,-0.7736,0,-0.2329,-0.7943,0.042,-0.2996,-0.8301,0.0895,-0.3013,-0.8254,-0.042,-0.2995,-0.8301,-0.041,-0.229,-0.792,-0.043,-0.1826,-0.7696,-0.0859,-0.2265,-0.7854,-0.0895,-0.3012,-0.8254,0.0557,-0.4846,-0.9137,0.0488,-0.396,-0.8746,0,-0.3951,-0.8742,0,-0.4846,-0.9137,-0.0488,-0.396,-0.8746,-0.0557,-0.4846,-0.9137
,0,-0.5359,-0.9379,0.0542,-0.5534,-0.9454,0.0566,-0.5315,-0.9357,-0.0566,-0.5315,-0.9357,-0.0542,-0.5534,-0.9454,0.1094,-0.1264,-0.7573,0.1237,-0.1181,-0.7335,0.1211,-0.1083,-0.7504,0.1099,-0.1158,-0.7731,0.0842,-0.1308,-0.7765,0.0835,-0.1433,-0.7634,0.1147,-0.1387,-0.7411,-0.1094,-0.1285,-0.7578,-0.0842,-0.1307,-0.7766,-0.1099,-0.1181,-0.7736,-0.1211,-0.1137,-0.7519,-0.1237,-0.1233,-0.7348
,-0.1147,-0.1408,-0.7415,-0.0835,-0.1431,-0.7636,0.1182,-0.0953,-0.7273,0.0977,-0.074,-0.73,0.1172,-0.0887,-0.7394,0.1003,-0.0671,-0.7475,0.1177,-0.0815,-0.7578,-0.1177,-0.091,-0.7616,-0.1172,-0.0976,-0.7429,-0.1003,-0.0787,-0.753,-0.0977,-0.0844,-0.735,-0.1182,-0.1034,-0.7304,0.0552,-0.0683,-0.7207,0.0278,-0.0744,-0.7314,0.0625,-0.0704,-0.7282,0.0397,-0.0655,-0.7478,0.0708,-0.0624,-0.7447
,0.0961,-0.0767,-0.723,-0.0708,-0.073,-0.7501,-0.0625,-0.0789,-0.7325,-0.0397,-0.0731,-0.7517,-0.0278,-0.0795,-0.734,-0.0552,-0.0742,-0.7236,-0.0961,-0.0855,-0.7271,0.0098,-0.0828,-0.7372,0,-0.0841,-0.7386,0,-0.0886,-0.741,0,-0.0808,-0.7598,0.0176,-0.0741,-0.7548,0,-0.0773,-0.7194,0,-0.0887,-0.7281,-0.0176,-0.0781,-0.7569,-0.0098,-0.0852,-0.7384,0,-0.167,-0.7768
,0.0449,-0.1593,-0.772,0.0895,-0.167,-0.755,0.0454,-0.1462,-0.7842,0,-0.1538,-0.7892,-0.0454,-0.1456,-0.7842,-0.0449,-0.1587,-0.772,-0.0895,-0.1665,-0.7552,0,-0.1391,-0.796,0.043,-0.132,-0.7914,0.0796,-0.1182,-0.7852,0.0701,-0.1107,-0.791,0.042,-0.1165,-0.7952,0,-0.1219,-0.7986,-0.043,-0.1316,-0.7914,-0.0701,-0.1111,-0.7912,-0.0796,-0.1183,-0.7852,-0.042,-0.1165,-0.7952
,0.0215,-0.0696,-0.7703,0,-0.076,-0.7759,0,-0.0788,-0.7926,0.0327,-0.0683,-0.7815,0.0449,-0.0615,-0.7625,-0.0449,-0.0688,-0.766,-0.0327,-0.0719,-0.783,-0.0215,-0.0734,-0.7722,0.0723,-0.0592,-0.7595,0.0688,-0.0614,-0.7732,0.0881,-0.065,-0.7732,0.0967,-0.0638,-0.7628,-0.0723,-0.069,-0.7642,-0.0881,-0.0734,-0.7767,-0.0688,-0.0688,-0.7763,-0.0477,-0.069,-0.7752,-0.0967,-0.0743,-0.7675
,0.1113,-0.0762,-0.7734,0.0942,-0.0724,-0.7836,0.1143,-0.0917,-0.7834,0.1213,-0.0998,-0.7687,-0.1113,-0.0847,-0.7766,-0.094,-0.0893,-0.7938,-0.0942,-0.079,-0.786,-0.1213,-0.1056,-0.7703,-0.1143,-0.0968,-0.7848,0.1035,-0.1052,-0.7849,0.094,-0.0854,-0.7928,0.0845,-0.0984,-0.7929,-0.0845,-0.1,-0.7932,-0.1035,-0.1073,-0.7853,0.0547,-0.0824,-0.7952,0.0625,-0.0695,-0.7861,0.0477,-0.0629,-0.7725
,-0.0625,-0.0742,-0.7878,-0.0547,-0.0847,-0.7958,0.0469,-0.099,-0.7973,0,-0.1014,-0.7987,-0.0469,-0.0998,-0.7975,0,-0.0315,-0.7271,0.0566,-0.0416,-0.7328,0.103,-0.0673,-0.7388,-0.103,-0.076,-0.7431,-0.0566,-0.0468,-0.7356,0.1289,-0.0988,-0.731,0.1392,-0.1299,-0.7229,0.1499,-0.112,-0.7165,0.1424,-0.0521,-0.7535,-0.1499,-0.1206,-0.7196,-0.1392,-0.1362,-0.7242,-0.1289,-0.1075,-0.7342
,-0.1424,-0.0609,-0.7585,0.1387,-0.1542,-0.7278,0.1357,-0.1849,-0.7451,0.1729,-0.176,-0.7011,0.1647,-0.1492,-0.6982,-0.1729,-0.1792,-0.7015,-0.1357,-0.1847,-0.7454,-0.1387,-0.1569,-0.7283,-0.1647,-0.1559,-0.6995,0.1387,-0.2353,-0.7744,0.1924,-0.2535,-0.7476,0.1802,-0.2062,-0.7195,-0.1924,-0.253,-0.7476,-0.1387,-0.2346,-0.7745,-0.1802,-0.2063,-0.7196,0.2402,-0.2813,-0.6933,0.2887,-0.37,-0.6604
,0.2666,-0.3068,-0.6218,0.2217,-0.2369,-0.6639,-0.2217,-0.2377,-0.6635,-0.2402,-0.2814,-0.693,-0.2666,-0.3075,-0.6211,-0.2887,-0.3701,-0.6601,0.209,-0.2073,-0.6448,0.2465,-0.2653,-0.5941,0.2329,-0.2357,-0.5777,0.2216,-0.2108,-0.5707,0.1973,-0.1813,-0.6392,-0.1973,-0.1859,-0.6398,-0.209,-0.2099,-0.6447,-0.2216,-0.2127,-0.5707,-0.2329,-0.2373,-0.5771,-0.2465,-0.2664,-0.5932,0.1816,-0.1477,-0.6498
,0.208,-0.1829,-0.5709,-0.1816,-0.1535,-0.6518,-0.208,-0.1854,-0.5717,0.0894,-0.5655,-0.9455,0.0508,-0.5672,-0.9475,0,-0.562,-0.9495,0,-0.5763,-0.9511,0.0479,-0.5788,-0.9398,0.0839,-0.5766,-0.9391,-0.0479,-0.5788,-0.9398,-0.0508,-0.5672,-0.9475,-0.0894,-0.5655,-0.9455,-0.0839,-0.5766,-0.9391,0.0986,-0.639,-0.9648,0.1035,-0.5968,-0.954,0.0962,-0.6026,-0.946,-0.1035,-0.5968,-0.954
,-0.0986,-0.639,-0.9648,-0.0962,-0.6026,-0.946,0.0801,-0.67,-0.9698,0.0906,-0.6389,-0.9544,0.0728,-0.6677,-0.9582,0.0542,-0.69,-0.9713,-0.0801,-0.67,-0.9698,-0.0906,-0.6389,-0.9544,-0.0542,-0.69,-0.9713,-0.0728,-0.6677,-0.9582,0.0273,-0.6996,-0.9719,0,-0.7155,-0.9726,0.0487,-0.6875,-0.9596,0.0244,-0.6965,-0.9609,0,-0.7018,-0.9719,-0.0273,-0.6996,-0.9719,-0.0487,-0.6875,-0.9596
,-0.0244,-0.6965,-0.9609,0,-0.7009,-0.9396,0.0234,-0.6992,-0.9387,0.0469,-0.6909,-0.9366,0.0264,-0.6918,-0.9157,0,-0.6943,-0.9167,-0.0264,-0.6918,-0.9157,-0.0469,-0.6909,-0.9366,-0.0234,-0.6992,-0.9387,0.0703,-0.673,-0.934,0.0879,-0.6471,-0.93,0.0842,-0.6518,-0.9127,0.0723,-0.6728,-0.91,0.051,-0.6846,-0.9132,-0.0703,-0.673,-0.934,-0.0842,-0.6518,-0.9127,-0.0879,-0.6471,-0.93
,-0.051,-0.6846,-0.9132,-0.0723,-0.6728,-0.91,0.0938,-0.6146,-0.9236,0.082,-0.5918,-0.919,0.0774,-0.6156,-0.9009,0.0898,-0.632,-0.9028,-0.0938,-0.6146,-0.9236,-0.0774,-0.6156,-0.9009,-0.082,-0.5918,-0.919,-0.0898,-0.632,-0.9028,0.0469,-0.5946,-0.9199,0,-0.587,-0.9421,0,-0.6024,-0.9217,0.0439,-0.6195,-0.9025,-0.0439,-0.6195,-0.9025,-0.0469,-0.5946,-0.9199,0.0352,-0.6586,-0.9024
,0,-0.6266,-0.9043,0,-0.6634,-0.9037,0.0635,-0.6526,-0.9002,-0.0352,-0.6586,-0.9024,-0.0635,-0.6526,-0.9002,0.0781,-0.6537,-0.8991,-0.0781,-0.6537,-0.8991,0.1641,0.1816,-0.7656,0.1237,0.214,-0.7618,0.1777,0.1509,-0.7627,0.1893,0.1582,-0.7692,0.1782,0.1875,-0.771,0.1553,0.2173,-0.769,-0.1641,0.1816,-0.7656,-0.1893,0.1582,-0.7692,-0.1777,0.1509,-0.7627,-0.1237,0.214,-0.7618
,-0.1553,0.2173,-0.769,-0.1782,0.1875,-0.771,0.1567,0.3018,-0.7734,0.1523,0.2578,-0.7715,0.1726,0.2208,-0.7738,0.1724,0.2583,-0.7754,-0.1523,0.2578,-0.7715,-0.1726,0.2208,-0.7738,-0.1567,0.3018,-0.7734,-0.1724,0.2583,-0.7754,0.1699,0.3477,-0.7754,0.167,0.4072,-0.7806,0.1783,0.298,-0.7762,0.1914,0.3379,-0.7769,0.2118,0.3738,-0.7764,0.1924,0.3892,-0.7754,-0.1699,0.3477,-0.7754
,-0.1783,0.298,-0.7762,-0.167,0.4072,-0.7806,-0.1924,0.3892,-0.7754,-0.2118,0.3738,-0.7764,-0.1914,0.3379,-0.7769,0.1953,0.125,-0.7617,0.23,0.0997,-0.7567,0.2061,0.1328,-0.7705,-0.2061,0.1328,-0.7705,-0.23,0.0996,-0.7568,-0.1953,0.125,-0.7617,0.2949,0.0706,-0.7417,0.3687,0.0527,-0.7234,0.369,0.071,-0.7366,0.3003,0.0847,-0.7541,-0.2949,0.0704,-0.7421,-0.369,0.0707,-0.737
,-0.3687,0.0524,-0.724,-0.3003,0.0845,-0.7544,0.4297,0.0609,-0.7085,0.4854,0.0904,-0.6947,0.4768,0.106,-0.7093,0.4258,0.0793,-0.7228,-0.4297,0.0606,-0.7089,-0.4768,0.106,-0.7095,-0.4854,0.0904,-0.6948,-0.4258,0.0791,-0.7231,0.543,0.1367,-0.6797,0.5884,0.1904,-0.6684,0.5682,0.1957,-0.68,0.5283,0.1475,-0.6928,-0.543,0.1367,-0.6797,-0.5682,0.1957,-0.6801,-0.5884,0.1904,-0.6685
,-0.5283,0.1475,-0.6929,0.6074,0.2422,-0.666,0.6079,0.2891,-0.6689,0.5846,0.2854,-0.681,0.5845,0.2427,-0.6777,-0.6074,0.2422,-0.666,-0.5846,0.2854,-0.681,-0.6079,0.2891,-0.6689,-0.5845,0.2427,-0.6777,0.5977,0.3281,-0.6738,0.5664,0.3613,-0.6865,0.5762,0.3208,-0.6851,-0.5762,0.3208,-0.6851,-0.5664,0.3613,-0.6865,-0.5977,0.3281,-0.6738,0.5039,0.3906,-0.7129,0.4336,0.4155,-0.7383
,0.4927,0.3774,-0.7266,0.549,0.3508,-0.6976,-0.4927,0.3774,-0.7266,-0.4336,0.4155,-0.7383,-0.5039,0.3906,-0.7129,-0.549,0.3508,-0.6976,0.3789,0.4355,-0.748,0.335,0.4478,-0.7515,0.3379,0.4279,-0.7579,0.3784,0.4175,-0.7593,-0.3789,0.4355,-0.748,-0.3379,0.4279,-0.7579,-0.335,0.4478,-0.7515,-0.3784,0.4175,-0.7593,0.2969,0.4492,-0.7578,0.2612,0.4399,-0.7651,0.2715,0.4199,-0.7694
,0.3032,0.4287,-0.7627,-0.2969,0.4492,-0.7578,-0.2715,0.4199,-0.7694,-0.2612,0.4399,-0.7651,-0.3032,0.4287,-0.7627,0.2246,0.4199,-0.7715,0.2397,0.4014,-0.7739,-0.2246,0.4199,-0.7715,-0.2397,0.4014,-0.7739,0.25,0.3887,-0.7695,0.2251,0.3638,-0.7695,0.2578,0.3789,-0.7617,0.2822,0.3945,-0.7627,0.2778,0.4058,-0.7676,-0.2578,0.3789,-0.7617,-0.2251,0.3638,-0.7695,-0.25,0.3887,-0.7695
,-0.2778,0.4058,-0.7676,-0.2822,0.3945,-0.7627,0.3066,0.4141,-0.7617,0.3086,0.4023,-0.7578,0.3389,0.4141,-0.7568,-0.3066,0.4141,-0.7617,-0.3389,0.4141,-0.7568,-0.3086,0.4023,-0.7578,0.377,0.4062,-0.7578,0.4287,0.3999,-0.7533,0.3389,0.4033,-0.752,0.375,0.3984,-0.75,0.4238,0.3911,-0.7515,-0.377,0.4062,-0.7578,-0.3389,0.4033,-0.752,-0.4287,0.3999,-0.7533,-0.4238,0.3911,-0.7515
,-0.375,0.3984,-0.75,0.5337,0.3428,-0.6958,0.4824,0.3691,-0.7246,0.4727,0.3633,-0.7148,0.5195,0.3359,-0.6875,-0.4727,0.3633,-0.7148,-0.4824,0.3691,-0.7246,-0.5337,0.3428,-0.6958,-0.5195,0.3359,-0.6875,0.5586,0.3145,-0.6836,0.543,0.3086,-0.6758,0.5664,0.2822,-0.6802,-0.543,0.3086,-0.6758,-0.5586,0.3145,-0.6836,-0.5664,0.2822,-0.6802,0.5664,0.2441,-0.6777,0.5508,0.2793,-0.6729
,0.5508,0.2461,-0.6719,0.5518,0.2017,-0.6807,-0.5664,0.2441,-0.6777,-0.5508,0.2793,-0.6729,-0.5518,0.2017,-0.6807,-0.5508,0.2461,-0.6719,0.5156,0.1563,-0.6933,0.5371,0.208,-0.6758,0.5039,0.1641,-0.6875,0.4688,0.1167,-0.7094,-0.5156,0.1562,-0.6934,-0.5371,0.208,-0.6758,-0.4688,0.1167,-0.7095,-0.5039,0.1641,-0.6875,0.3691,0.0842,-0.7355,0.4219,0.0919,-0.7224,0.418,0.1016,-0.7147
,0.3691,0.0948,-0.7274,-0.418,0.1016,-0.7148,-0.4219,0.0918,-0.7227,-0.3691,0.084,-0.7358,-0.3691,0.0947,-0.7275,0.2471,0.1177,-0.7641,0.3047,0.0958,-0.7517,0.3086,0.1055,-0.7421,0.2539,0.126,-0.7529,-0.3086,0.1055,-0.7422,-0.3047,0.0957,-0.752,-0.2471,0.1177,-0.7642,-0.2539,0.126,-0.7529,0.2148,0.1406,-0.7656,0.2394,0.1091,-0.7678,0.2227,0.1484,-0.7539,0.1987,0.1655,-0.7632
,-0.2227,0.1484,-0.7539,-0.2148,0.1406,-0.7656,-0.2394,0.109,-0.7679,-0.1987,0.1655,-0.7632,0.2051,0.332,-0.7695,0.1914,0.2964,-0.769,0.2002,0.2959,-0.7568,0.2148,0.3281,-0.7578,-0.2051,0.332,-0.7695,-0.2002,0.2959,-0.7568,-0.1914,0.2964,-0.769,-0.2148,0.3281,-0.7578,0.1855,0.2598,-0.7676,0.1855,0.2246,-0.7656,0.1963,0.2285,-0.751,0.1953,0.2617,-0.7539,-0.1855,0.2598,-0.7676
,-0.1963,0.2285,-0.751,-0.1855,0.2246,-0.7656,-0.1953,0.2617,-0.7539,0.1895,0.1934,-0.7637,0.207,0.1729,-0.751,0.1992,0.1992,-0.75,-0.1895,0.1934,-0.7637,-0.207,0.1729,-0.751,-0.1992,0.1992,-0.75,0.043,0.4473,-0.6758,0.0864,0.4961,-0.6797,0.0472,0.4484,-0.6201,0,0.439,-0.6177,0,0.4326,-0.6738,-0.0472,0.4484,-0.6201,-0.0864,0.4961,-0.6797,-0.043,0.4473,-0.6758
,0.1309,0.584,-0.6836,0.1836,0.6685,-0.6836,0.2057,0.638,-0.6406,0.1792,0.5752,-0.626,0.1255,0.4892,-0.6129,-0.1309,0.584,-0.6836,-0.2057,0.638,-0.6406,-0.1836,0.6685,-0.6836,-0.1255,0.4892,-0.6129,-0.1792,0.5752,-0.626,0.252,0.707,-0.6758,0.3291,0.7007,-0.6616,0.2661,0.6626,-0.6201,-0.2661,0.6626,-0.6201,-0.3291,0.7007,-0.6616,-0.252,0.707,-0.6758,0.4082,0.6504,-0.6426
,0.4941,0.5825,-0.6187,0.3774,0.6211,-0.5962,0.3277,0.6654,-0.6222,-0.3774,0.6211,-0.5962,-0.4941,0.5825,-0.6187,-0.4082,0.6504,-0.6426,-0.3277,0.6654,-0.6222,0.5918,0.5234,-0.5898,0.686,0.4761,-0.5625,0.5801,0.5068,-0.519,0.4581,0.5534,-0.5576,-0.5801,0.5068,-0.519,-0.686,0.4761,-0.5625,-0.5918,0.5234,-0.5898,-0.4581,0.5534,-0.5576,0.7617,0.4434,-0.543,0.8081,0.3916,-0.5166
,0.7368,0.4331,-0.4722,0.6681,0.4635,-0.489,-0.7368,0.4331,-0.4722,-0.8081,0.3916,-0.5166,-0.7617,0.4434,-0.543,-0.6681,0.4635,-0.489,0.8145,0.2871,-0.4687,0.7894,0.1676,-0.4819,0.7812,0.167,-0.4331,0.793,0.29,-0.4028,0.7804,0.3854,-0.4497,-0.793,0.29,-0.4028,-0.7812,0.167,-0.4331,-0.8145,0.2871,-0.4688,-0.7894,0.1676,-0.4819,-0.7804,0.3854,-0.4497,0.709,0.0684,-0.4434
,0.6177,-0.0098,-0.4712,0.6195,-0.0005,-0.3876,0.7061,0.0801,-0.3652,-0.709,0.0684,-0.4433,-0.6195,-0.0004,-0.3876,-0.6177,-0.0098,-0.4712,-0.7061,0.0801,-0.3652,0.5273,-0.0683,-0.4882,0.4307,-0.1112,-0.4999,0.4167,-0.1107,-0.4492,0.5278,-0.0607,-0.4117,-0.5273,-0.0684,-0.4883,-0.4167,-0.1102,-0.4492,-0.4307,-0.1114,-0.5,-0.5278,-0.0601,-0.4116,0.0669,-0.5851,-0.5021,0,-0.5452,-0.4403
,0.0762,-0.5301,-0.4325,0,-0.5142,-0.3778,0.0884,-0.4952,-0.3605,0.1445,-0.499,-0.4316,0.132,-0.5598,-0.5073,-0.1445,-0.5007,-0.4343,-0.0884,-0.4986,-0.3652,-0.0762,-0.5312,-0.4344,-0.0669,-0.5854,-0.5026,-0.132,-0.5602,-0.5081,0.0708,-0.7562,-0.6352,0,-0.6807,-0.565,0.0664,-0.6685,-0.5673,0,-0.5976,-0.5011,0.1333,-0.6441,-0.5711,0.1423,-0.733,-0.633,-0.1333,-0.6441,-0.5712
,-0.0664,-0.6685,-0.5673,-0.0708,-0.7562,-0.6353,-0.1423,-0.733,-0.6331,0.0815,-0.8631,-0.7892,0,-0.833,-0.7176,0.0762,-0.8243,-0.7131,0,-0.7679,-0.6359,0.1528,-0.8076,-0.7029,0.1627,-0.8539,-0.7726,-0.1528,-0.8076,-0.7029,-0.0762,-0.8243,-0.7131,-0.0815,-0.8631,-0.7892,-0.1627,-0.8539,-0.7726,0.0859,-0.8628,-0.8516,0,-0.8653,-0.8595,0,-0.868,-0.7967,0.1699,-0.858,-0.8343
,-0.0859,-0.8628,-0.8516,-0.1699,-0.858,-0.8343,0.25,-0.8536,-0.814,0.2432,-0.8461,-0.7529,0.3086,-0.8365,-0.7897,-0.25,-0.8536,-0.814,-0.3086,-0.8365,-0.7897,-0.2432,-0.8461,-0.7529,0.3281,-0.7931,-0.7608,0.286,-0.8258,-0.7454,0.2939,-0.7852,-0.7006,0.3247,-0.7269,-0.7281,-0.3281,-0.7931,-0.7608,-0.286,-0.8258,-0.7454,-0.3247,-0.7269,-0.7281,-0.2939,-0.7852,-0.7006,0.3145,-0.6411,-0.6924
,0.2795,-0.7038,-0.6513,0.2637,-0.6129,-0.6043,0.3008,-0.5463,-0.6534,-0.3145,-0.6411,-0.6925,-0.2795,-0.7038,-0.6513,-0.3008,-0.5463,-0.6534,-0.2637,-0.6129,-0.6044,0.2153,-0.7107,-0.629,0.2012,-0.6197,-0.5737,0.1934,-0.5333,-0.5185,0.25,-0.523,-0.5594,-0.2012,-0.6197,-0.5738,-0.2153,-0.7107,-0.629,-0.25,-0.523,-0.5595,-0.1934,-0.5335,-0.5191,0.2305,-0.7923,-0.69,-0.2305,-0.7923,-0.69
,0.1973,-0.4651,-0.458,0.2367,-0.3805,-0.4798,0.2422,-0.4443,-0.5162,0.1619,-0.4565,-0.3545,0.2056,-0.4132,-0.4009,-0.1973,-0.4661,-0.4595,-0.2422,-0.4445,-0.516,-0.2367,-0.3812,-0.4798,-0.2056,-0.4166,-0.4048,-0.1619,-0.4617,-0.3612,0.2871,-0.4531,-0.6105,0.2725,-0.3732,-0.5712,-0.2871,-0.453,-0.61,-0.2725,-0.3732,-0.5703,0.2407,-0.2796,-0.526,0.2305,-0.2489,-0.5188,0.2446,-0.2386,-0.4583
,0.2392,-0.2098,-0.4789,0.2222,-0.2221,-0.518,-0.2305,-0.2497,-0.518,-0.2392,-0.21,-0.4787,-0.2446,-0.2381,-0.4575,-0.2407,-0.2803,-0.5248,-0.2222,-0.2228,-0.5177,0.2559,-0.3182,-0.5433,0.23,-0.3347,-0.4554,-0.23,-0.3368,-0.4563,-0.2559,-0.3186,-0.5421,0.2349,-0.1681,-0.5193,0.2129,-0.1949,-0.5198,0.2277,-0.1866,-0.4907,-0.2277,-0.1871,-0.491,-0.2129,-0.1958,-0.5201,-0.2349,-0.1691,-0.5199
,0.3203,-0.1423,-0.5114,0.2531,-0.1649,-0.4979,0.3112,-0.141,-0.4876,-0.3203,-0.143,-0.5119,-0.3112,-0.1414,-0.4879,-0.2531,-0.1656,-0.4984,0,-0.0687,0.7106,0.1763,0.0858,0.732,0.1699,-0.0631,0.6739,0.3255,0.0759,0.6607,0.3094,-0.0478,0.6146,0.1685,-0.1773,0.5831,0,-0.1903,0.6151,-0.1685,-0.1742,0.5837,-0.3094,-0.0446,0.6152,-0.1699,-0.0611,0.6743,-0.3255,0.0767,0.6609
,-0.1763,0.0863,0.7321,0,-0.2849,0.4819,0.1602,-0.2685,0.4551,0.3109,-0.1392,0.5341,0.2974,-0.2245,0.4121,0.146,-0.3416,0.2795,0,-0.3603,0.2969,-0.146,-0.3429,0.2778,-0.2974,-0.2214,0.4127,-0.1602,-0.2664,0.4554,-0.3109,-0.1345,0.5349,0.127,-0.4014,0.0464,0.2427,-0.3484,0.0424,0.2126,-0.3855,-0.1771,0.1089,-0.4457,-0.1681,0,-0.4243,0.0463,-0.127,-0.4087,0.0391
,-0.2126,-0.4042,-0.1966,-0.2427,-0.3588,0.0314,-0.1089,-0.4569,-0.1797,0.0977,-0.472,-0.2881,0,-0.4712,-0.1842,0.1748,-0.4266,-0.2865,0,-0.4954,-0.309,-0.0977,-0.4804,-0.2973,-0.1748,-0.4391,-0.3001,0.2109,-0.3759,-0.356,0.2298,-0.3396,-0.3129,0.2358,-0.286,-0.4298,-0.2298,-0.3505,-0.3243,-0.2109,-0.3841,-0.3644,-0.2358,-0.2872,-0.4305,0.7402,0.0879,-0.2285,0.7698,0.178,-0.3639
,0.6553,-0.0099,-0.2471,0.7003,-0.0331,-0.0729,0.7798,0.1006,-0.0889,0.7881,0.1973,-0.2412,-0.7402,0.0879,-0.2285,-0.7003,-0.0326,-0.0728,-0.6553,-0.0093,-0.2471,-0.7698,0.178,-0.3639,-0.7881,0.1973,-0.2412,-0.7798,0.1006,-0.0889,0,0.2988,0.8008,0.2222,0.4932,0.7344,0.1992,0.2812,0.7617,0.4087,0.4421,0.6654,0.3677,0.2461,0.6885,0,0.0907,0.7714,-0.3677,0.2461,0.6885
,-0.1992,0.2812,0.7617,-0.4087,0.4421,0.6654,-0.2222,0.4932,0.7344,0,0.9286,-0.0994,0.2271,0.8441,-0.2493,0.2266,0.9154,-0.093,0.4205,0.8082,-0.2064,0.4199,0.8753,-0.0645,0.2266,0.9366,0.0822,-0.2266,0.9375,0.0811,-0.4199,0.8765,-0.0659,-0.2266,0.916,-0.0938,-0.4205,0.8085,-0.2068,-0.2271,0.8442,-0.2495,0.2266,0.9193,0.2703,0,0.95,0.0862,0.4199,0.8794,0.2506
,0.4203,0.8043,0.4082,0.2271,0.8441,0.4553,0,0.9305,0.2912,-0.2266,0.9199,0.2695,-0.4203,0.8049,0.4076,-0.4199,0.8809,0.249,-0.2271,0.8442,0.4551,0.2285,0.6914,0.6211,0,0.8557,0.4908,0.4214,0.6433,0.5592,0,0.7109,0.6602,-0.4214,0.6436,0.5591,-0.2285,0.6914,0.6211,0.709,0.4297,-0.3926,0.7549,0.3862,-0.374,0.7434,0.4094,-0.2891,0.6919,0.4551,-0.3022
,0.6465,0.458,-0.4014,-0.709,0.4297,-0.3926,-0.7434,0.4094,-0.2891,-0.7549,0.3862,-0.374,-0.6465,0.458,-0.4014,-0.6919,0.4551,-0.3022,0.6992,0.5312,-0.1992,0.6306,0.4875,-0.3027,0.7578,0.4702,-0.1943,0.7777,0.5358,-0.0905,0.7139,0.6135,-0.0862,0.6299,0.5801,-0.1963,-0.6992,0.5312,-0.1992,-0.7777,0.5359,-0.0906,-0.7578,0.4702,-0.1943,-0.6306,0.4875,-0.3027,-0.6299,0.5801,-0.1963
,-0.7139,0.6138,-0.0864,0.7188,0.6571,0.0342,0.635,0.6791,-0.0811,0.7827,0.5735,0.0217,0.7802,0.5818,0.1393,0.7188,0.6661,0.1578,0.6367,0.7282,0.0436,-0.7188,0.6582,0.0332,-0.7802,0.5823,0.1389,-0.7827,0.5737,0.0215,-0.635,0.6796,-0.0815,-0.6367,0.73,0.042,-0.7188,0.668,0.1562,0.7188,0.6444,0.2808,0.6367,0.7376,0.1727,0.7773,0.5595,0.2592,0.7582,0.5232,0.3443
